50 0.0398047
55 0.0398047
55 0.0401802
60 0.0401802
60 0.0453123
65 0.0453123
65 0.0600826
70 0.0600826
70 0.0687195
75 0.0687195
75 0.0702216
80 0.0702216
80 0.0806108
85 0.0806108
85 0.0817374
90 0.0817374
90 0.0762298
95 0.0762298
95 0.0783577
100 0.0783577
100 0.0733509
105 0.0733509
105 0.0694705
110 0.0694705
110 0.0579547
115 0.0579547
115 0.0525723
120 0.0525723
120 0.0426837
125 0.0426837
125 0.0206534
130 0.0206534
130 0.012392
135 0.012392
135 0.00675929
140 0.00675929
140 0.0053824
145 0.0053824
145 0.00388034
150 0.00388034
150 0.00362999
155 0.00362999
155 0.00388034
160 0.00388034
160 0.00275379
165 0.00275379
165 0.00150207
170 0.00150207
170 0.00187758
175 0.00187758
